0.003 0.146 0.538 0.151 0.688 0.164 0.148 0.926 0.286 0.026 0.017 0.528 0.565 
0.347 0.057 0.324 0.000 0.686 0.218 0.530 0.136 0.140 0.385 0.030 0.016 0.025 
0.230 0.011 0.001 0.003 0.027 0.000 0.000 0.004 0.099 0.000 0.001 0.007 0.090
0.004 0.097 0.001 0.000 0.027 0.008 0.003 0.089 0.000 0.001 0.000 0.004 0.000
0.448 0.002 0.083 0.003 0.477 0.001 0.000 0.001 0.699 0.000 0.000 0.012 0.004
0.416 0.166 0.001 0.000 0.121 0.155 0.026 0.188 0.000 0.001 0.026 0.014 0.000
0.368 0.002 0.002 0.043 1.168 0.000 0.003 0.003 0.296 0.000 0.001 0.253 0.001 
1.352 0.195 0.001 0.000 0.189 0.005 0.001 0.091 0.000 0.004 0.000 0.007 0.000
0.012 0.576 0.651 0.765 0.378 0.237 0.385 3.075 0.385 0.052 0.214 0.829 0.793
0.692 0.039 0.478 0.000 1.854 0.932 1.205 0.147 0.825 0.361 0.022 0.093 0.050
0.074 0.000 0.001 0.003 0.163 0.146 0.001 0.002 0.203 0.000 0.002 0.053 0.004
0.067 1.175 0.001 0.000 0.032 0.017 0.006 0.019 0.000 0.002 0.002 0.001 0.000
0.205 0.000 0.001 0.031 0.120 0.001 0.025 0.000 0.255 0.000 0.003 0.006 0.001
0.953 0.094 0.000 0.000 0.100 0.002 0.002 0.128 0.000 0.000 0.000 0.003 0.000
0.014 0.001 0.598 0.005 0.026 0.000 0.228 0.001 0.002 0.000 0.003 0.002 0.001 
0.011 0.021 0.094 0.000 0.015 0.315 3.556 0.001 0.000 0.379 0.004 0.001 0.001
0.316 0.107 0.281 0.493 0.183 0.285 0.152 0.763 0.023 0.003 0.098 0.624 0.318
0.339 0.088 0.123 0.000 0.728 0.550 1.343 0.101 0.270 0.374 0.039 0.029 0.012
0.012 0.023 0.000 0.005 0.005 0.000 0.000 0.000 0.001 0.000 0.000 0.000 0.000
0.011 0.007 0.000 0.000 0.001 0.000 0.000 0.001 0.000 0.000 0.000 0.000 0.000
0.105 0.000 0.118 0.000 0.016 0.000 0.000 0.000 0.043 0.000 0.000 0.020 0.000 
0.052 0.064 0.001 0.000 0.097 0.039 0.000 0.005 0.000 0.001 0.000 0.000 0.000
1.087 0.233 0.149 0.032 0.530 0.065 0.061 0.013 0.432 0.000 0.011 0.577 0.005
0.064 0.365 0.263 0.000 0.086 0.056 0.098 0.346 0.000 0.015 0.001 0.015 0.001
0.285 0.003 0.003 0.018 0.374 0.001 0.010 0.013 0.318 0.000 0.002 0.023 0.096
0.028 0.546 0.016 0.000 0.175 0.065 0.026 0.138 0.000 0.001 0.000 0.024 0.000
1.985 0.002 0.001 0.008 1.454 0.000 0.066 0.026 2.433 0.000 0.051 0.006 0.009
0.073 1.758 0.001 0.000 0.160 0.009 0.010 0.394 0.000 0.079 0.000 0.013 0.000
0.005 0.195 0.794 0.188 0.073 0.488 0.132 0.485 0.835 0.054 0.006 0.387 0.337
0.465 0.210 0.361 0.000 0.727 0.398 1.041 0.011 0.071 0.222 0.003 0.150 0.007
0.203 0.001 0.001 0.002 0.172 0.000 0.000 0.001 0.089 0.000 0.001 0.019 0.239
0.006 0.224 0.137 0.000 0.042 0.191 0.004 0.136 0.000 0.001 0.067 0.025 0.000
0.002 0.000 0.005 0.001 0.057 0.000 0.000 0.000 0.011 0.000 0.000 0.000 0.000
0.006 0.001 0.000 0.000 0.001 0.007 0.000 0.000 0.000 0.000 0.000 0.000 0.000
1.075 0.112 0.149 0.085 2.048 0.213 0.197 0.084 0.315 0.000 0.003 0.010 0.003
0.009 1.277 0.474 0.000 0.121 0.006 0.426 0.543 0.001 0.031 0.000 0.008 0.000
0.871 0.046 0.023 0.126 1.339 0.006 0.051 0.015 1.128 0.000 0.048 0.142 0.093
0.509 0.290 0.055 0.000 0.397 0.405 0.337 0.454 0.001 0.035 0.000 0.097 0.000
1.487 0.017 0.461 0.003 0.413 0.082 0.015 0.130 1.123 0.000 0.001 0.124 0.001
1.041 0.442 0.106 0.000 0.362 1.053 0.171 0.405 0.000 0.007 0.047 0.017 0.000
0.119 0.185 0.163 0.148 0.031 0.096 0.086 0.074 0.017 0.059 0.003 0.135 0.115
0.079 0.870 0.105 0.148 0.128 0.311 0.255 0.001 0.002 0.001 0.005 0.001 0.002
0.205 0.004 0.000 0.019 0.255 0.000 0.000 0.000 0.288 0.000 0.000 0.035 0.000
0.052 0.178 0.000 0.000 0.069 0.001 0.001 0.003 0.000 0.000 0.002 0.000 0.000
0.060 0.000 0.000 0.008 0.117 0.000 0.001 0.005 0.001 0.000 0.002 0.013 0.001
0.006 0.330 0.001 0.000 0.013 0.024 0.082 0.000 0.000 0.000 0.000 0.003 0.000
0.019 0.000 0.000 0.000 0.214 0.000 0.000 0.000 0.022 0.000 0.000 0.000 0.000
0.003 0.019 0.000 0.000 0.001 0.000 0.000 0.004 0.000 0.000 0.003 0.000 0.000
0.217 0.176 0.042 0.050 0.144 0.009 0.026 0.050 0.000 0.000 0.006 0.425 0.062
0.098 0.036 0.012 0.000 0.248 0.057 0.227 0.005 0.005 0.002 0.003 0.000 0.002
0.012 0.000 0.001 0.000 0.005 0.000 0.000 0.000 0.064 0.000 0.000 0.000 0.000
0.004 0.003 0.000 0.000 0.001 0.000 0.004 0.002 0.000 0.000 0.000 0.002 0.003
